MEME version 5.4.1 (Mon Aug 16 16:18:19 2021 -0700)

ALPHABET= ACGT

strands: + -

Background letter frequencies (from uniform background):
A 0.25000 C 0.25000 G 0.25000 T 0.25000 


MOTIF MAFF_DBD 

letter-probability matrix: alength= 4 w= 15 nsites= 20 E= 0
  0.240000        0.185455        0.145455        0.429091      
  0.032103        0.052970        0.003210        0.911717      
  0.000000        0.011984        0.988016        0.000000      
  0.009390        0.978091        0.000000        0.012520      
  0.017488        0.038156        0.009539        0.934817      
  0.000000        0.006369        0.922293        0.071338      
  0.900000        0.021429        0.000000        0.078571      
  0.050505        0.470418        0.376623        0.102453      
  0.063209        0.000000        0.024311        0.912480      
  0.088962        0.884679        0.008237        0.018122      
  0.928090        0.004494        0.042697        0.024719      
  0.020520        0.000000        0.935705        0.043776      
  0.000000        0.983845        0.008078        0.008078      
  0.759754        0.006160        0.201232        0.032854      
  0.469548        0.115914        0.094303        0.320236      
