********************************************************************************
STREME - Sensitive, Thorough, Rapid, Enriched Motif Elicitation
********************************************************************************
MEME version 5.4.1 (Release date: Sat Aug 21 19:23:23 2021 -0700)

For further information on how to interpret these results please access https://meme-suite.org/meme.
To get a copy of the MEME Suite software please access https://meme-suite.org.

********************************************************************************


********************************************************************************
REFERENCE
********************************************************************************
If you use this program in your research, please cite:

Timothy L. Bailey,
"STREME: accurate and versatile sequence motif discovery",
Bioinformatics, Mar. 24, 2021.
********************************************************************************

methods for multiple hypothesis testing correction of t-test: Bonferroni correction
ALPHABET= ACGT

Strands: + -

Background letter frequencies (from dataset):
A 0.236 C 0.2736 G 0.2613 T 0.2291

MOTIF CATGSCCYCAGGSCAKG CMTGSCCTGRGGSCATG ProSampler

letter-probability matrix: alength= 4 w= 17 nsites= 1281 score= 29.4 pvalue= 8.256e-284
0.2358 0.4005 0.1514 0.2123
0.3911 0.2264 0.1944 0.1881
0.1257 0.2178 0.1421 0.5144
0.2428 0.1148 0.4036 0.2389
0.0304 0.3427 0.5722 0.0546
0.0000 1.0000 0.0000 0.0000
0.0000 0.9438 0.0000 0.0562
0.0000 0.5574 0.0000 0.4426
0.0000 0.8345 0.1655 0.0000
1.0000 0.0000 0.0000 0.0000
0.0000 0.0000 1.0000 0.0000
0.0000 0.0000 1.0000 0.0000
0.0000 0.3872 0.6128 0.0000
0.1866 0.8134 0.0000 0.0000
0.5371 0.1686 0.1491 0.1452
0.2240 0.2358 0.2631 0.2771
0.2334 0.2342 0.3146 0.2178


MOTIF GYCCCGCCCCCYCCC GGGRGGGGGCGGGRC ProSampler

letter-probability matrix: alength= 4 w= 15 nsites= 1039 score= 26.96 pvalue= 4.326e-229
0.0934 0.1569 0.6160 0.1338
0.0385 0.5380 0.1299 0.2936
0.0000 1.0000 0.0000 0.0000
0.0000 1.0000 0.0000 0.0000
0.0000 1.0000 0.0000 0.0000
0.0789 0.0000 0.8450 0.0760
0.0000 1.0000 0.0000 0.0000
0.0000 1.0000 0.0000 0.0000
0.0000 0.8104 0.0000 0.1896
0.0722 0.8191 0.0000 0.1088
0.0000 1.0000 0.0000 0.0000
0.1309 0.3321 0.1829 0.3542
0.1184 0.4350 0.2339 0.2127
0.1261 0.5024 0.2194 0.1521
0.1193 0.4533 0.2368 0.1906


MOTIF AAAGATCAAAGGRWW WWYCCTTTGATCTTT ProSampler

letter-probability matrix: alength= 4 w= 15 nsites= 985 score= 30.54 pvalue= 6.107e-217
0.5706 0.1350 0.1726 0.1218
0.6893 0.0305 0.2122 0.0680
1.0000 0.0000 0.0000 0.0000
0.0000 0.1716 0.8284 0.0000
1.0000 0.0000 0.0000 0.0000
0.0000 0.0000 0.0000 1.0000
0.0000 0.9543 0.0457 0.0000
1.0000 0.0000 0.0000 0.0000
1.0000 0.0000 0.0000 0.0000
1.0000 0.0000 0.0000 0.0000
0.0000 0.0000 1.0000 0.0000
0.1533 0.1249 0.6284 0.0934
0.2772 0.1330 0.4792 0.1107
0.4132 0.0609 0.1066 0.4193
0.3706 0.0985 0.0782 0.4528


MOTIF TGCTTTCCWRGAAAGCA TGCTTTCYWGGAAAGCA ProSampler

letter-probability matrix: alength= 4 w= 17 nsites= 873 score= 26.25 pvalue= 8.245e-192
0.2451 0.2096 0.2131 0.3322
0.2027 0.1833 0.3975 0.2165
0.1695 0.4926 0.1867 0.1512
0.1684 0.1821 0.1157 0.5338
0.0000 0.1741 0.0527 0.7732
0.0000 0.0000 0.0000 1.0000
0.0000 1.0000 0.0000 0.0000
0.0000 0.8603 0.0000 0.1397
0.6117 0.0000 0.0000 0.3883
0.4914 0.0000 0.5086 0.0000
0.0561 0.0000 0.9439 0.0000
1.0000 0.0000 0.0000 0.0000
1.0000 0.0000 0.0000 0.0000
0.4880 0.1432 0.1936 0.1753
0.1856 0.1718 0.4410 0.2016
0.2211 0.3849 0.1947 0.1993
0.3013 0.2383 0.2440 0.2165


MOTIF SCAGCAGCTGSYS SRSCAGCTGCTGS ProSampler

letter-probability matrix: alength= 4 w= 13 nsites= 827 score= 24.16 pvalue= 1.625e-181
0.2140 0.3277 0.2914 0.1669
0.1560 0.5054 0.2068 0.1318
0.8053 0.1947 0.0000 0.0000
0.0000 0.1947 0.8053 0.0000
0.0000 1.0000 0.0000 0.0000
0.7630 0.0000 0.0000 0.2370
0.0000 0.0000 1.0000 0.0000
0.0000 1.0000 0.0000 0.0000
0.0000 0.0000 0.0000 1.0000
0.0000 0.0689 0.9311 0.0000
0.0000 0.6542 0.3458 0.0000
0.1778 0.2527 0.2092 0.3603
0.2007 0.2624 0.3519 0.1850


MOTIF MATTCAWGCGTGAAYK MRTTCACGCWTGAATK ProSampler

letter-probability matrix: alength= 4 w= 16 nsites= 808 score= 24.86 pvalue= 2.873e-177
0.4876 0.3899 0.0730 0.0495
0.6584 0.1077 0.1547 0.0792
0.1634 0.2463 0.2240 0.3663
0.0371 0.1200 0.0297 0.8131
0.0000 0.7772 0.2228 0.0000
1.0000 0.0000 0.0000 0.0000
0.3998 0.1745 0.0000 0.4257
0.0000 0.0000 1.0000 0.0000
0.0000 1.0000 0.0000 0.0000
0.2401 0.0000 0.7599 0.0000
0.0000 0.0000 0.0000 1.0000
0.1621 0.0000 0.8379 0.0000
1.0000 0.0000 0.0000 0.0000
0.6287 0.1275 0.1535 0.0903
0.2042 0.2562 0.2067 0.3329
0.1881 0.2104 0.2946 0.3069


MOTIF RATGASTCAYH DRTGASTCATY ProSampler

letter-probability matrix: alength= 4 w= 11 nsites= 634 score= 20.74 pvalue= 2.206e-141
0.3486 0.0978 0.3233 0.2303
0.7524 0.0789 0.1688 0.0000
0.0000 0.0000 0.0000 1.0000
0.0000 0.0000 1.0000 0.0000
1.0000 0.0000 0.0000 0.0000
0.0000 0.4685 0.5315 0.0000
0.0000 0.0000 0.0000 1.0000
0.0000 1.0000 0.0000 0.0000
1.0000 0.0000 0.0000 0.0000
0.0457 0.2855 0.2240 0.4448
0.2792 0.2792 0.1341 0.3076


MOTIF BATGCGGGTAC GTACCCGCATV ProSampler

letter-probability matrix: alength= 4 w= 11 nsites= 566 score= 20.97 pvalue= 2.735e-126
0.1272 0.3622 0.2580 0.2527
0.8975 0.0000 0.1025 0.0000
0.0000 0.0000 0.0000 1.0000
0.0883 0.0000 0.9117 0.0000
0.0000 1.0000 0.0000 0.0000
0.0000 0.0000 0.8799 0.1201
0.0000 0.0000 1.0000 0.0000
0.0000 0.0000 1.0000 0.0000
0.0000 0.1131 0.0000 0.8869
0.8286 0.0000 0.1714 0.0000
0.0548 0.6078 0.2420 0.0954


MOTIF MAAAGATCAA TTGATCTTTK ProSampler

letter-probability matrix: alength= 4 w= 10 nsites= 374 score= 16.62 pvalue= 7.694e-84
0.3155 0.2781 0.2166 0.1898
0.9198 0.0000 0.0000 0.0802
1.0000 0.0000 0.0000 0.0000
1.0000 0.0000 0.0000 0.0000
0.0000 0.0000 1.0000 0.0000
1.0000 0.0000 0.0000 0.0000
0.0000 0.0000 0.0000 1.0000
0.0000 1.0000 0.0000 0.0000
1.0000 0.0000 0.0000 0.0000
0.9305 0.0294 0.0241 0.0160


MOTIF KGGYCACGTGACCM KGGTCACGTGRCCM ProSampler

letter-probability matrix: alength= 4 w= 14 nsites= 338 score= 15.47 pvalue= 6.605e-76
0.1953 0.2101 0.3373 0.2574
0.2249 0.1509 0.4734 0.1509
0.1479 0.1509 0.7012 0.0000
0.0000 0.5059 0.0000 0.4941
0.0000 1.0000 0.0000 0.0000
1.0000 0.0000 0.0000 0.0000
0.0000 1.0000 0.0000 0.0000
0.0000 0.0000 1.0000 0.0000
0.0000 0.0000 0.0000 1.0000
0.0000 0.0000 1.0000 0.0000
1.0000 0.0000 0.0000 0.0000
0.0237 0.7130 0.1095 0.1538
0.1805 0.5000 0.1095 0.2101
0.2544 0.3284 0.1834 0.2337


MOTIF WACTTCCKCTTTTT AAAAAGMGGAAGTW ProSampler

letter-probability matrix: alength= 4 w= 14 nsites= 152 score= 9.96 pvalue= 5.209e-35
0.3618 0.1250 0.0855 0.4276
1.0000 0.0000 0.0000 0.0000
0.0000 1.0000 0.0000 0.0000
0.0000 0.0000 0.0000 1.0000
0.0000 0.0000 0.0000 1.0000
0.0000 1.0000 0.0000 0.0000
0.0000 1.0000 0.0000 0.0000
0.0000 0.0000 0.6645 0.3355
0.0000 1.0000 0.0000 0.0000
0.0000 0.0000 0.0000 1.0000
0.0789 0.0461 0.0197 0.8553
0.0197 0.0395 0.0461 0.8947
0.0132 0.1118 0.0461 0.8289
0.1382 0.2237 0.1250 0.5132


MOTIF CYTTCTAGGAAACD HGTTTCCTAGAARG ProSampler

letter-probability matrix: alength= 4 w= 14 nsites= 55 score= 5.922 pvalue= 1.174e-13
0.1455 0.6727 0.1273 0.0545
0.0909 0.2909 0.0182 0.6000
0.0727 0.1636 0.0727 0.6909
0.0182 0.0182 0.0000 0.9636
0.0000 1.0000 0.0000 0.0000
0.0000 0.0000 0.0000 1.0000
1.0000 0.0000 0.0000 0.0000
0.0000 0.0000 1.0000 0.0000
0.0000 0.0000 1.0000 0.0000
1.0000 0.0000 0.0000 0.0000
1.0000 0.0000 0.0000 0.0000
1.0000 0.0000 0.0000 0.0000
0.0000 1.0000 0.0000 0.0000
0.3091 0.1091 0.2545 0.3273



Time 11 secs.
