********************************************************************************
STREME - Sensitive, Thorough, Rapid, Enriched Motif Elicitation
********************************************************************************
MEME version 5.4.1 (Release date: Sat Aug 21 19:23:23 2021 -0700)

For further information on how to interpret these results please access https://meme-suite.org/meme.
To get a copy of the MEME Suite software please access https://meme-suite.org.

********************************************************************************


********************************************************************************
REFERENCE
********************************************************************************
If you use this program in your research, please cite:

Timothy L. Bailey,
"STREME: accurate and versatile sequence motif discovery",
Bioinformatics, Mar. 24, 2021.
********************************************************************************

methods for multiple hypothesis testing correction of t-test: Bonferroni correction
ALPHABET= ACGT

Strands: + -

Background letter frequencies (from dataset):
A 0.2413 C 0.2599 G 0.2642 T 0.2346

MOTIF MMAAAGGTCAWR YWTGACCTTTKK ProSampler

letter-probability matrix: alength= 4 w= 12 nsites= 2262 score= 30.91 pvalue= 1e-300
0.4500 0.4651 0.0849 0.0000
0.2586 0.3970 0.1512 0.1932
0.8333 0.0615 0.0438 0.0615
1.0000 0.0000 0.0000 0.0000
1.0000 0.0000 0.0000 0.0000
0.0000 0.0000 1.0000 0.0000
0.0000 0.0000 1.0000 0.0000
0.0000 0.0000 0.0000 1.0000
0.0000 1.0000 0.0000 0.0000
0.8245 0.0597 0.0637 0.0522
0.2825 0.2122 0.2493 0.2560
0.3594 0.1786 0.2661 0.1958


MOTIF TTTCCYRGAAAV BTTTCYRGGAAA ProSampler

letter-probability matrix: alength= 4 w= 12 nsites= 3409 score= 38.47 pvalue= 1e-300
0.2136 0.2100 0.1288 0.4476
0.0496 0.0510 0.0566 0.8428
0.0528 0.0587 0.0575 0.8310
0.0000 1.0000 0.0000 0.0000
0.0000 1.0000 0.0000 0.0000
0.0000 0.3036 0.0000 0.6964
0.4820 0.0000 0.5180 0.0000
0.0000 0.0000 1.0000 0.0000
1.0000 0.0000 0.0000 0.0000
1.0000 0.0000 0.0000 0.0000
0.7155 0.1499 0.1346 0.0000
0.2631 0.3467 0.3901 0.0000


MOTIF MCAAGACGYCTTA TAAGRCGTCTTGK ProSampler

letter-probability matrix: alength= 4 w= 13 nsites= 1484 score= 26.24 pvalue= 1e-300
0.5472 0.3053 0.1476 0.0000
0.0000 0.7574 0.0000 0.2426
1.0000 0.0000 0.0000 0.0000
1.0000 0.0000 0.0000 0.0000
0.0000 0.0000 1.0000 0.0000
0.9070 0.0000 0.0930 0.0000
0.0000 1.0000 0.0000 0.0000
0.0000 0.0000 1.0000 0.0000
0.0000 0.7224 0.0000 0.2776
0.0404 0.8551 0.0539 0.0505
0.0580 0.0539 0.0748 0.8133
0.0478 0.0842 0.0492 0.8187
0.5121 0.1907 0.2338 0.0633


MOTIF ACYAATTAGC GCTAATTRGT ProSampler

letter-probability matrix: alength= 4 w= 10 nsites= 1504 score= 21.85 pvalue= 1e-300
0.9209 0.0791 0.0000 0.0000
0.0000 0.7620 0.0000 0.2380
0.0000 0.4840 0.0000 0.5160
1.0000 0.0000 0.0000 0.0000
1.0000 0.0000 0.0000 0.0000
0.0000 0.0000 0.0000 1.0000
0.0000 0.0000 0.0000 1.0000
0.8378 0.0000 0.1622 0.0000
0.1868 0.1523 0.5951 0.0658
0.2154 0.3943 0.1828 0.2074


MOTIF RRGAACACSGTGTWCYY RRGWACACSGTGTTCYY ProSampler

letter-probability matrix: alength= 4 w= 17 nsites= 1700 score= 30.65 pvalue= 1e-300
0.3147 0.0935 0.4494 0.1424
0.2688 0.0488 0.6288 0.0535
0.0512 0.0576 0.8471 0.0441
1.0000 0.0000 0.0000 0.0000
1.0000 0.0000 0.0000 0.0000
0.0000 1.0000 0.0000 0.0000
1.0000 0.0000 0.0000 0.0000
0.0000 0.7771 0.0000 0.2229
0.1259 0.3406 0.3229 0.2106
0.2212 0.0000 0.7788 0.0000
0.0000 0.0000 0.0000 1.0000
0.0000 0.0000 1.0000 0.0000
0.0518 0.0500 0.0588 0.8394
0.3759 0.0947 0.1282 0.4012
0.0447 0.8494 0.0476 0.0582
0.0594 0.6047 0.0512 0.2847
0.1482 0.4218 0.1171 0.3129


MOTIF SGMTGASTCAYCM KGRTGASTCAKCS ProSampler

letter-probability matrix: alength= 4 w= 13 nsites= 2722 score= 36.39 pvalue= 1e-300
0.2215 0.2605 0.2895 0.2285
0.2465 0.2223 0.3299 0.2013
0.4350 0.2520 0.2491 0.0639
0.0371 0.0492 0.0459 0.8677
0.0000 0.0000 1.0000 0.0000
1.0000 0.0000 0.0000 0.0000
0.0000 0.4721 0.5279 0.0000
0.0000 0.0000 0.0000 1.0000
0.0000 1.0000 0.0000 0.0000
1.0000 0.0000 0.0000 0.0000
0.0000 0.3413 0.0000 0.6587
0.1414 0.6051 0.0467 0.2068
0.3597 0.6403 0.0000 0.0000


MOTIF MCGCCCACGCAV BTGCGTGGGCGK ProSampler

letter-probability matrix: alength= 4 w= 12 nsites= 2563 score= 32 pvalue= 1e-300
0.4101 0.4144 0.0644 0.1112
0.0546 0.8240 0.0644 0.0570
0.2099 0.0659 0.5634 0.1607
0.0000 1.0000 0.0000 0.0000
0.0000 1.0000 0.0000 0.0000
0.0000 0.9099 0.0000 0.0901
0.9122 0.0878 0.0000 0.0000
0.0000 1.0000 0.0000 0.0000
0.0000 0.0542 0.9458 0.0000
0.0000 1.0000 0.0000 0.0000
0.6329 0.0000 0.2329 0.1342
0.3078 0.3882 0.3039 0.0000


MOTIF VRGGWACACS SGTGTWCCYB ProSampler

letter-probability matrix: alength= 4 w= 10 nsites= 1816 score= 23.96 pvalue= 1e-300
0.4014 0.2616 0.3370 0.0000
0.3689 0.0000 0.6311 0.0000
0.0507 0.0000 0.9493 0.0000
0.0000 0.0000 1.0000 0.0000
0.6112 0.0000 0.0000 0.3888
1.0000 0.0000 0.0000 0.0000
0.0000 1.0000 0.0000 0.0000
1.0000 0.0000 0.0000 0.0000
0.0000 0.9449 0.0000 0.0551
0.1878 0.3084 0.3051 0.1988


MOTIF AWCAGCTGWTSV BSAWCAGCTGWT ProSampler

letter-probability matrix: alength= 4 w= 12 nsites= 1688 score= 22.34 pvalue= 1e-300
0.5800 0.1493 0.1582 0.1126
0.4230 0.1440 0.0871 0.3460
0.0622 0.7850 0.0818 0.0711
1.0000 0.0000 0.0000 0.0000
0.0000 0.0000 1.0000 0.0000
0.0000 1.0000 0.0000 0.0000
0.0000 0.0000 0.0000 1.0000
0.0000 0.0000 1.0000 0.0000
0.6949 0.0000 0.0000 0.3051
0.0000 0.0000 0.0000 1.0000
0.1955 0.2885 0.2968 0.2192
0.2998 0.4200 0.2802 0.0000


MOTIF HGCCYCAGGCR YGCCTGRGGCD ProSampler

letter-probability matrix: alength= 4 w= 11 nsites= 1292 score= 22.37 pvalue= 3.937e-281
0.2748 0.3259 0.1246 0.2748
0.0000 0.0944 0.9056 0.0000
0.0000 1.0000 0.0000 0.0000
0.0000 1.0000 0.0000 0.0000
0.0000 0.2577 0.1981 0.5441
0.1269 0.6726 0.2005 0.0000
1.0000 0.0000 0.0000 0.0000
0.0000 0.0000 1.0000 0.0000
0.0000 0.0000 1.0000 0.0000
0.0000 1.0000 0.0000 0.0000
0.3003 0.1540 0.2964 0.2492


MOTIF CMRCGTCCGCG CGCGGACGYKG ProSampler

letter-probability matrix: alength= 4 w= 11 nsites= 375 score= 10.96 pvalue= 1.243e-83
0.0000 1.0000 0.0000 0.0000
0.7280 0.2720 0.0000 0.0000
0.6320 0.0000 0.3680 0.0000
0.0000 1.0000 0.0000 0.0000
0.0000 0.0000 1.0000 0.0000
0.0000 0.0000 0.0000 1.0000
0.0000 1.0000 0.0000 0.0000
0.0000 1.0000 0.0000 0.0000
0.0000 0.0000 1.0000 0.0000
0.0827 0.7173 0.1013 0.0987
0.2080 0.2133 0.3787 0.2000


MOTIF YYAATTARCWA TWGYTAATTRR ProSampler

letter-probability matrix: alength= 4 w= 11 nsites= 280 score= 9.814 pvalue= 6.698e-63
0.1536 0.3464 0.1821 0.3179
0.0786 0.4357 0.0929 0.3929
1.0000 0.0000 0.0000 0.0000
1.0000 0.0000 0.0000 0.0000
0.0000 0.0000 0.0000 1.0000
0.0000 0.0000 0.0000 1.0000
1.0000 0.0000 0.0000 0.0000
0.3750 0.0000 0.6250 0.0000
0.0000 1.0000 0.0000 0.0000
0.3071 0.0000 0.0000 0.6929
1.0000 0.0000 0.0000 0.0000


MOTIF GGGGGTACA TGTACCCCC ProSampler

letter-probability matrix: alength= 4 w= 9 nsites= 108 score= 5.897 pvalue= 2.642e-25
0.0000 0.0000 1.0000 0.0000
0.0000 0.0000 1.0000 0.0000
0.0000 0.0000 1.0000 0.0000
0.0000 0.0000 1.0000 0.0000
0.0000 0.0000 1.0000 0.0000
0.0000 0.0000 0.0000 1.0000
1.0000 0.0000 0.0000 0.0000
0.0000 1.0000 0.0000 0.0000
1.0000 0.0000 0.0000 0.0000


MOTIF TGACCTTTCTG CAGAAAGGTCA ProSampler

letter-probability matrix: alength= 4 w= 11 nsites= 94 score= 5.304 pvalue= 3.115e-22
0.0851 0.1702 0.1915 0.5532
0.1809 0.1064 0.5532 0.1596
1.0000 0.0000 0.0000 0.0000
0.0000 1.0000 0.0000 0.0000
0.0000 1.0000 0.0000 0.0000
0.0000 0.0000 0.0000 1.0000
0.0000 0.0000 0.0000 1.0000
0.0000 0.0000 0.0000 1.0000
0.0000 1.0000 0.0000 0.0000
0.0000 0.0000 0.0000 1.0000
0.0000 0.0000 1.0000 0.0000



Time 40 secs.
