********************************************************************************
STREME - Sensitive, Thorough, Rapid, Enriched Motif Elicitation
********************************************************************************
MEME version 5.4.1 (Release date: Sat Aug 21 19:23:23 2021 -0700)

For further information on how to interpret these results please access https://meme-suite.org/meme.
To get a copy of the MEME Suite software please access https://meme-suite.org.

********************************************************************************


********************************************************************************
REFERENCE
********************************************************************************
If you use this program in your research, please cite:

Timothy L. Bailey,
"STREME: accurate and versatile sequence motif discovery",
Bioinformatics, Mar. 24, 2021.
********************************************************************************

methods for multiple hypothesis testing correction of t-test: Bonferroni correction
ALPHABET= ACGT

Strands: + -

Background letter frequencies (from dataset):
A 0.2402 C 0.2674 G 0.2616 T 0.2307

MOTIF VCAKATGCAG CTGCATMTGB ProSampler

letter-probability matrix: alength= 4 w= 10 nsites= 1491 score= 19.8 pvalue= 1e-300
0.3474 0.3273 0.2549 0.0704
0.0000 1.0000 0.0000 0.0000
1.0000 0.0000 0.0000 0.0000
0.0000 0.0000 0.7129 0.2871
1.0000 0.0000 0.0000 0.0000
0.0000 0.0000 0.0000 1.0000
0.0000 0.0000 1.0000 0.0000
0.0000 0.7498 0.1254 0.1247
0.7673 0.1167 0.0000 0.1160
0.0000 0.1241 0.8759 0.0000


MOTIF CAGGCCCARGCSSS SSSGCYTGGGCCTG ProSampler

letter-probability matrix: alength= 4 w= 14 nsites= 1920 score= 24.37 pvalue= 1e-300
0.1417 0.4396 0.2448 0.1740
1.0000 0.0000 0.0000 0.0000
0.0000 0.0000 1.0000 0.0000
0.0000 0.0000 1.0000 0.0000
0.0000 1.0000 0.0000 0.0000
0.0000 1.0000 0.0000 0.0000
0.0000 0.6578 0.1245 0.2177
0.8375 0.1625 0.0000 0.0000
0.6245 0.0000 0.3755 0.0000
0.0000 0.0000 1.0000 0.0000
0.1505 0.5620 0.1370 0.1505
0.1161 0.4130 0.2708 0.2000
0.1656 0.3536 0.3240 0.1568
0.1781 0.3573 0.3208 0.1437


MOTIF SYMMYTAATTARS SYTAATTARKKRS ProSampler

letter-probability matrix: alength= 4 w= 13 nsites= 4352 score= 37.08 pvalue= 1e-300
0.2224 0.2739 0.2557 0.2479
0.2268 0.2534 0.2443 0.2755
0.5264 0.3176 0.1560 0.0000
0.3297 0.3120 0.1255 0.2328
0.0000 0.2721 0.0000 0.7279
0.0000 0.0000 0.0000 1.0000
0.9472 0.0000 0.0000 0.0528
0.9639 0.0000 0.0361 0.0000
0.0000 0.1016 0.0000 0.8984
0.0000 0.0340 0.0000 0.9660
0.9642 0.0000 0.0358 0.0000
0.2734 0.1581 0.4299 0.1386
0.2006 0.3051 0.2592 0.2351


MOTIF SCASWGGAATGYRB VYRCATTCCWSTGS ProSampler

letter-probability matrix: alength= 4 w= 14 nsites= 1670 score= 27.42 pvalue= 1e-300
0.2114 0.2760 0.2701 0.2425
0.1988 0.5581 0.1832 0.0599
1.0000 0.0000 0.0000 0.0000
0.0000 0.4707 0.5293 0.0000
0.4946 0.0000 0.0000 0.5054
0.0000 0.0000 1.0000 0.0000
0.0000 0.0000 1.0000 0.0000
1.0000 0.0000 0.0000 0.0000
0.8671 0.0000 0.1329 0.0000
0.0000 0.0000 0.0000 1.0000
0.0000 0.0000 1.0000 0.0000
0.0527 0.2677 0.0940 0.5856
0.2832 0.1341 0.4287 0.1539
0.2234 0.2581 0.2503 0.2683


MOTIF SAGGCCTCGSCCTS SAGGSCGAGGCCTS ProSampler

letter-probability matrix: alength= 4 w= 14 nsites= 1720 score= 24.6 pvalue= 1e-300
0.1413 0.3645 0.3198 0.1744
0.5297 0.1884 0.1750 0.1070
0.1151 0.1494 0.6483 0.0872
0.0000 0.0000 1.0000 0.0000
0.0000 1.0000 0.0000 0.0000
0.0000 1.0000 0.0000 0.0000
0.0000 0.0000 0.1599 0.8401
0.1459 0.8541 0.0000 0.0000
0.0000 0.0000 1.0000 0.0000
0.0000 0.4727 0.5273 0.0000
0.0000 1.0000 0.0000 0.0000
0.0000 1.0000 0.0000 0.0000
0.1453 0.2256 0.2308 0.3983
0.1855 0.3116 0.3686 0.1343


MOTIF MCYTTCCCGCSC GSGCGGGAARGK ProSampler

letter-probability matrix: alength= 4 w= 12 nsites= 3634 score= 30.58 pvalue= 1e-300
0.5886 0.4114 0.0000 0.0000
0.1874 0.4994 0.1318 0.1813
0.0000 0.5033 0.0000 0.4967
0.0000 0.1643 0.0000 0.8357
0.0000 0.0000 0.0000 1.0000
0.0000 1.0000 0.0000 0.0000
0.0000 1.0000 0.0000 0.0000
0.0000 1.0000 0.0000 0.0000
0.0000 0.0000 1.0000 0.0000
0.0682 0.7474 0.1189 0.0655
0.0985 0.5138 0.2598 0.1280
0.2460 0.3709 0.2182 0.1648


MOTIF SSSSGCGGGARRR YYYTCCCGCSSSS ProSampler

letter-probability matrix: alength= 4 w= 13 nsites= 3521 score= 29.8 pvalue= 1e-300
0.2090 0.2761 0.2707 0.2442
0.0000 0.5834 0.4166 0.0000
0.1582 0.4405 0.2607 0.1406
0.0000 0.6223 0.3777 0.0000
0.0000 0.0000 1.0000 0.0000
0.0000 1.0000 0.0000 0.0000
0.0000 0.0000 1.0000 0.0000
0.0000 0.0000 1.0000 0.0000
0.0000 0.0000 1.0000 0.0000
1.0000 0.0000 0.0000 0.0000
0.5578 0.0750 0.3030 0.0642
0.3323 0.2068 0.3519 0.1091
0.2613 0.2269 0.3022 0.2096


MOTIF CCAATAAAAMVV BBKTTTTATTGG ProSampler

letter-probability matrix: alength= 4 w= 12 nsites= 6646 score= 45.37 pvalue= 1e-300
0.1151 0.6305 0.1700 0.0844
0.0822 0.6481 0.0629 0.2069
0.5543 0.2391 0.0639 0.1426
1.0000 0.0000 0.0000 0.0000
0.0000 0.0000 0.0000 1.0000
1.0000 0.0000 0.0000 0.0000
1.0000 0.0000 0.0000 0.0000
1.0000 0.0000 0.0000 0.0000
1.0000 0.0000 0.0000 0.0000
0.3935 0.4150 0.0000 0.1915
0.2925 0.2686 0.2514 0.1875
0.2942 0.3231 0.3255 0.0573


MOTIF ARSCWCTCARGCCB VGGCYTGAGWGSYT ProSampler

letter-probability matrix: alength= 4 w= 14 nsites= 1508 score= 23.25 pvalue= 1e-300
0.4330 0.1499 0.2480 0.1691
0.3282 0.1141 0.3727 0.1850
0.1280 0.4483 0.3634 0.0603
0.0000 1.0000 0.0000 0.0000
0.3435 0.0000 0.0000 0.6565
0.0000 1.0000 0.0000 0.0000
0.0000 0.0000 0.0000 1.0000
0.0000 1.0000 0.0000 0.0000
1.0000 0.0000 0.0000 0.0000
0.3302 0.0000 0.6698 0.0000
0.0000 0.0000 1.0000 0.0000
0.1426 0.8574 0.0000 0.0000
0.2334 0.3050 0.2328 0.2288
0.2115 0.2653 0.2566 0.2666


MOTIF SSRGSCCMGGCCTSSSC GSSSAGGCCKGGSCYSS ProSampler

letter-probability matrix: alength= 4 w= 17 nsites= 2014 score= 23.6 pvalue= 1e-300
0.1663 0.3366 0.3024 0.1946
0.2224 0.3069 0.2949 0.1758
0.3287 0.2205 0.3505 0.1003
0.0000 0.0000 1.0000 0.0000
0.0000 0.3510 0.6490 0.0000
0.0000 1.0000 0.0000 0.0000
0.0000 1.0000 0.0000 0.0000
0.2637 0.7363 0.0000 0.0000
0.0000 0.1763 0.8237 0.0000
0.0000 0.0000 1.0000 0.0000
0.0000 1.0000 0.0000 0.0000
0.0000 1.0000 0.0000 0.0000
0.0814 0.1902 0.1832 0.5452
0.1797 0.2974 0.3784 0.1445
0.2071 0.2527 0.3237 0.2165
0.2160 0.2815 0.2915 0.2110
0.2368 0.2959 0.2428 0.2244


MOTIF TCCCGCCCSSSC GSSSGGGCGGGA ProSampler

letter-probability matrix: alength= 4 w= 12 nsites= 6514 score= 36.64 pvalue= 1e-300
0.1039 0.1765 0.1300 0.5895
0.0000 1.0000 0.0000 0.0000
0.0000 1.0000 0.0000 0.0000
0.0000 1.0000 0.0000 0.0000
0.0000 0.0000 0.9117 0.0883
0.0000 0.9498 0.0502 0.0000
0.0000 0.9684 0.0316 0.0000
0.1577 0.7251 0.1173 0.0000
0.2424 0.2627 0.3204 0.1745
0.2108 0.4759 0.3133 0.0000
0.2119 0.2886 0.2794 0.2201
0.2343 0.2915 0.2447 0.2295


MOTIF BMVTTRCGCAAY RTTGCGYAABKV ProSampler

letter-probability matrix: alength= 4 w= 12 nsites= 3826 score= 36.67 pvalue= 1e-300
0.2256 0.2517 0.2716 0.2512
0.3343 0.3850 0.1027 0.1780
0.2833 0.3165 0.4002 0.0000
0.0000 0.0000 0.0000 1.0000
0.0000 0.0000 0.0000 1.0000
0.6265 0.0000 0.3735 0.0000
0.0000 1.0000 0.0000 0.0000
0.0000 0.0000 1.0000 0.0000
0.0000 1.0000 0.0000 0.0000
1.0000 0.0000 0.0000 0.0000
0.7708 0.0889 0.0779 0.0625
0.0842 0.3377 0.1236 0.4545


MOTIF CTTCYGGGAAR YTTCCCRGAAG ProSampler

letter-probability matrix: alength= 4 w= 11 nsites= 1691 score= 19.99 pvalue= 1e-300
0.0000 0.8823 0.1177 0.0000
0.1301 0.0000 0.0000 0.8699
0.0000 0.0000 0.0000 1.0000
0.0000 1.0000 0.0000 0.0000
0.0000 0.3726 0.0000 0.6274
0.0816 0.1212 0.5559 0.2413
0.0000 0.0000 1.0000 0.0000
0.0000 0.0000 1.0000 0.0000
1.0000 0.0000 0.0000 0.0000
0.6836 0.1082 0.1218 0.0863
0.3560 0.1313 0.2898 0.2229


MOTIF SCCAATAAAAM KTTTTATTGGS ProSampler

letter-probability matrix: alength= 4 w= 11 nsites= 11025 score= 78.57 pvalue= 1e-300
0.2276 0.2918 0.2591 0.2215
0.0276 0.8445 0.1121 0.0158
0.0316 0.7563 0.0000 0.2122
0.7387 0.1738 0.0000 0.0875
0.9196 0.0000 0.0000 0.0804
0.0454 0.0000 0.0000 0.9546
0.8558 0.0000 0.0000 0.1442
1.0000 0.0000 0.0000 0.0000
1.0000 0.0000 0.0000 0.0000
0.8008 0.1829 0.0163 0.0000
0.3266 0.3446 0.1101 0.2187


MOTIF CCACGTGAC GTCACGTGG ProSampler

letter-probability matrix: alength= 4 w= 9 nsites= 162 score= 5.735 pvalue= 4.082e-37
0.0000 1.0000 0.0000 0.0000
0.0000 1.0000 0.0000 0.0000
1.0000 0.0000 0.0000 0.0000
0.0000 1.0000 0.0000 0.0000
0.0000 0.0000 1.0000 0.0000
0.0000 0.0000 0.0000 1.0000
0.0000 0.0000 1.0000 0.0000
1.0000 0.0000 0.0000 0.0000
0.0000 1.0000 0.0000 0.0000


MOTIF CACGTGACC GGTCACGTG ProSampler

letter-probability matrix: alength= 4 w= 9 nsites= 155 score= 5.594 pvalue= 1.383e-35
0.0000 1.0000 0.0000 0.0000
1.0000 0.0000 0.0000 0.0000
0.0000 1.0000 0.0000 0.0000
0.0000 0.0000 1.0000 0.0000
0.0000 0.0000 0.0000 1.0000
0.0000 0.0000 1.0000 0.0000
1.0000 0.0000 0.0000 0.0000
0.0000 1.0000 0.0000 0.0000
0.0000 1.0000 0.0000 0.0000


MOTIF ACGCCAATAAAA TTTTATTGGCGT ProSampler

letter-probability matrix: alength= 4 w= 12 nsites= 129 score= 5.55 pvalue= 6.724e-30
1.0000 0.0000 0.0000 0.0000
0.0000 1.0000 0.0000 0.0000
0.0000 0.0000 1.0000 0.0000
0.0000 1.0000 0.0000 0.0000
0.0000 1.0000 0.0000 0.0000
1.0000 0.0000 0.0000 0.0000
1.0000 0.0000 0.0000 0.0000
0.0000 0.0000 0.0000 1.0000
1.0000 0.0000 0.0000 0.0000
0.5581 0.1705 0.1473 0.1240
0.5814 0.1705 0.1318 0.1163
0.4729 0.2248 0.1705 0.1318



Time 79 secs.
