********************************************************************************
STREME - Sensitive, Thorough, Rapid, Enriched Motif Elicitation
********************************************************************************
MEME version 5.4.1 (Release date: Sat Aug 21 19:23:23 2021 -0700)

For further information on how to interpret these results please access https://meme-suite.org/meme.
To get a copy of the MEME Suite software please access https://meme-suite.org.

********************************************************************************


********************************************************************************
REFERENCE
********************************************************************************
If you use this program in your research, please cite:

Timothy L. Bailey,
"STREME: accurate and versatile sequence motif discovery",
Bioinformatics, Mar. 24, 2021.
********************************************************************************

methods for multiple hypothesis testing correction of t-test: *No correction
ALPHABET= ACGT

Strands: + -

Background letter frequencies (from dataset):
A 0.2376 C 0.265 G 0.2642 T 0.2331

MOTIF SAGMTCTCGCGAGAKCTS SAGMTCTCGCGAGAKCTS ProSampler

letter-probability matrix: alength= 4 w= 18 nsites= 83 score= 9.198 pvalue= 5.595e-20
0.1084 0.5301 0.2530 0.1084
0.6506 0.1807 0.0964 0.0723
0.2410 0.1566 0.5542 0.0482
0.4096 0.4217 0.0723 0.0964
0.0120 0.0000 0.0000 0.9880
0.0000 1.0000 0.0000 0.0000
0.0000 0.0000 0.0000 1.0000
0.0000 1.0000 0.0000 0.0000
0.0000 0.0000 1.0000 0.0000
0.0000 1.0000 0.0000 0.0000
0.0000 0.0000 1.0000 0.0000
1.0000 0.0000 0.0000 0.0000
0.0000 0.0000 1.0000 0.0000
1.0000 0.0000 0.0000 0.0000
0.0964 0.0723 0.4337 0.3976
0.0482 0.5422 0.1687 0.2410
0.0843 0.0964 0.1807 0.6386
0.1084 0.2651 0.5181 0.1084


MOTIF YGCGACCACACTG CAGTGTGGTCGCR ProSampler

letter-probability matrix: alength= 4 w= 13 nsites= 71 score= 7.987 pvalue= 2.699e-17
0.2254 0.2535 0.1831 0.3380
0.0000 0.0000 1.0000 0.0000
0.0000 1.0000 0.0000 0.0000
0.0000 0.0000 1.0000 0.0000
1.0000 0.0000 0.0000 0.0000
0.0000 1.0000 0.0000 0.0000
0.0000 1.0000 0.0000 0.0000
1.0000 0.0000 0.0000 0.0000
0.0000 1.0000 0.0000 0.0000
0.7606 0.1831 0.0423 0.0141
0.0845 0.8451 0.0282 0.0423
0.1268 0.0141 0.0282 0.8310
0.1408 0.0704 0.7465 0.0423


MOTIF AAGGTGTGAAAAT ATTTTCACACCTT ProSampler

letter-probability matrix: alength= 4 w= 13 nsites= 54 score= 7.418 pvalue= 1.704e-13
0.7037 0.0741 0.0741 0.1481
0.8704 0.0741 0.0370 0.0185
0.0741 0.0000 0.9259 0.0000
0.0000 0.0000 1.0000 0.0000
0.0000 0.0000 0.0000 1.0000
0.0000 0.0000 1.0000 0.0000
0.0000 0.0741 0.0000 0.9259
0.0000 0.0000 0.9259 0.0741
1.0000 0.0000 0.0000 0.0000
1.0000 0.0000 0.0000 0.0000
1.0000 0.0000 0.0000 0.0000
0.7593 0.0370 0.0370 0.1667
0.0741 0.1852 0.0370 0.7037


MOTIF AACAATGGYAKTGTT AACAMTRCCATTGTT ProSampler

letter-probability matrix: alength= 4 w= 15 nsites= 46 score= 6.628 pvalue= 1.051e-11
0.9130 0.0000 0.0435 0.0435
0.8913 0.0000 0.0435 0.0652
0.0000 0.8696 0.0652 0.0652
0.8913 0.0435 0.0435 0.0217
1.0000 0.0000 0.0000 0.0000
0.0000 0.0000 0.0000 1.0000
0.0000 0.0000 1.0000 0.0000
0.0652 0.0000 0.8478 0.0870
0.0000 0.2609 0.0000 0.7391
1.0000 0.0000 0.0000 0.0000
0.0000 0.0000 0.7174 0.2826
0.0000 0.0000 0.0000 1.0000
0.0000 0.0000 1.0000 0.0000
0.0435 0.0435 0.0000 0.9130
0.0217 0.0435 0.0652 0.8696


MOTIF GCGAGATCTGR YCAGATCTCGC ProSampler

letter-probability matrix: alength= 4 w= 11 nsites= 42 score= 5.877 pvalue= 8.27e-11
0.0476 0.0238 0.8810 0.0476
0.0000 1.0000 0.0000 0.0000
0.0000 0.0000 1.0000 0.0000
1.0000 0.0000 0.0000 0.0000
0.0000 0.0000 1.0000 0.0000
1.0000 0.0000 0.0000 0.0000
0.0000 0.2143 0.0000 0.7857
0.0000 0.8571 0.0000 0.1429
0.0000 0.0714 0.0000 0.9286
0.0714 0.2381 0.6905 0.0000
0.2619 0.1667 0.4762 0.0952


MOTIF AAACAATGGY RCCATTGTTT ProSampler

letter-probability matrix: alength= 4 w= 10 nsites= 36 score= 5.343 pvalue= 1.835e-09
0.3889 0.2222 0.1667 0.2222
1.0000 0.0000 0.0000 0.0000
1.0000 0.0000 0.0000 0.0000
0.0000 1.0000 0.0000 0.0000
1.0000 0.0000 0.0000 0.0000
1.0000 0.0000 0.0000 0.0000
0.0000 0.0000 0.0000 1.0000
0.0000 0.0000 1.0000 0.0000
0.0000 0.0000 1.0000 0.0000
0.0278 0.3889 0.0000 0.5833


MOTIF GCTCGTAAAA TTTTACGAGC ProSampler

letter-probability matrix: alength= 4 w= 10 nsites= 30 score= 5.261 pvalue= 4.107e-08
0.0000 0.2000 0.6333 0.1667
0.0000 1.0000 0.0000 0.0000
0.0000 0.0000 0.0000 1.0000
0.0000 1.0000 0.0000 0.0000
0.0000 0.0000 1.0000 0.0000
0.0000 0.0000 0.0000 1.0000
1.0000 0.0000 0.0000 0.0000
1.0000 0.0000 0.0000 0.0000
1.0000 0.0000 0.0000 0.0000
0.8000 0.1000 0.0333 0.0667


MOTIF CAACCCGGAAGTG CACTTCCGGGTTG ProSampler

letter-probability matrix: alength= 4 w= 13 nsites= 25 score= 4.754 pvalue= 5.534e-07
0.1600 0.5600 0.1200 0.1600
0.8800 0.0800 0.0400 0.0000
1.0000 0.0000 0.0000 0.0000
0.0000 1.0000 0.0000 0.0000
0.0000 1.0000 0.0000 0.0000
0.0000 1.0000 0.0000 0.0000
0.0000 0.0000 1.0000 0.0000
0.0000 0.0000 1.0000 0.0000
0.8800 0.0000 0.0000 0.1200
1.0000 0.0000 0.0000 0.0000
0.0000 0.0000 1.0000 0.0000
0.0400 0.0800 0.0000 0.8800
0.2000 0.0800 0.6000 0.1200


MOTIF TGACAGSTGTCA TGACASCTGTCA ProSampler

letter-probability matrix: alength= 4 w= 12 nsites= 22 score= 4.734 pvalue= 2.652e-06
0.0455 0.0455 0.0455 0.8636
0.0000 0.0000 0.9545 0.0455
1.0000 0.0000 0.0000 0.0000
0.0000 1.0000 0.0000 0.0000
1.0000 0.0000 0.0000 0.0000
0.0000 0.0000 0.8636 0.1364
0.1818 0.5000 0.3182 0.0000
0.0000 0.0000 0.0000 1.0000
0.0000 0.0000 1.0000 0.0000
0.0000 0.0000 0.0000 1.0000
0.0000 1.0000 0.0000 0.0000
0.8636 0.0455 0.0909 0.0000


MOTIF TATGCAAATG CATTTGCATA ProSampler

letter-probability matrix: alength= 4 w= 10 nsites= 21 score= 4.308 pvalue= 4.479e-06
0.0476 0.0476 0.0476 0.8571
1.0000 0.0000 0.0000 0.0000
0.0000 0.0000 0.0000 1.0000
0.0000 0.0000 1.0000 0.0000
0.0000 1.0000 0.0000 0.0000
0.7619 0.0000 0.0000 0.2381
1.0000 0.0000 0.0000 0.0000
1.0000 0.0000 0.0000 0.0000
0.0000 0.0000 0.0000 1.0000
0.2381 0.1429 0.6190 0.0000


MOTIF TAAACAATGG CCATTGTTTA ProSampler

letter-probability matrix: alength= 4 w= 10 nsites= 17 score= 4.161 pvalue= 3.676e-05
0.2353 0.1765 0.0000 0.5882
0.8235 0.0000 0.0000 0.1765
1.0000 0.0000 0.0000 0.0000
1.0000 0.0000 0.0000 0.0000
0.0000 1.0000 0.0000 0.0000
1.0000 0.0000 0.0000 0.0000
1.0000 0.0000 0.0000 0.0000
0.0000 0.0000 0.0000 1.0000
0.0000 0.0000 1.0000 0.0000
0.1176 0.0000 0.8824 0.0000


MOTIF YATCCAGATGTTC GAACATCTGGATR ProSampler

letter-probability matrix: alength= 4 w= 13 nsites= 13 score= 2.537 pvalue= 0.0003084
0.2308 0.4615 0.0000 0.3077
0.6923 0.0000 0.2308 0.0769
0.0000 0.2308 0.0000 0.7692
0.0769 0.8462 0.0000 0.0769
0.0000 1.0000 0.0000 0.0000
1.0000 0.0000 0.0000 0.0000
0.0000 0.0000 1.0000 0.0000
1.0000 0.0000 0.0000 0.0000
0.0000 0.0000 0.0000 1.0000
0.0000 0.0000 1.0000 0.0000
0.0000 0.0000 0.0000 1.0000
0.0000 0.0000 0.0000 1.0000
0.0000 1.0000 0.0000 0.0000



Time 1 secs.
