********************************************************************************
STREME - Sensitive, Thorough, Rapid, Enriched Motif Elicitation
********************************************************************************
MEME version 5.4.1 (Release date: Sat Aug 21 19:23:23 2021 -0700)

For further information on how to interpret these results please access https://meme-suite.org/meme.
To get a copy of the MEME Suite software please access https://meme-suite.org.

********************************************************************************


********************************************************************************
REFERENCE
********************************************************************************
If you use this program in your research, please cite:

Timothy L. Bailey,
"STREME: accurate and versatile sequence motif discovery",
Bioinformatics, Mar. 24, 2021.
********************************************************************************

methods for multiple hypothesis testing correction of t-test: *No correction
ALPHABET= ACGT

Strands: + -

Background letter frequencies (from dataset):
A 0.2381 C 0.2649 G 0.264 T 0.233

MOTIF CAGMTCTCGCGAGAKCTG CAGMTCTCGCGAGAKCTG ProSampler

letter-probability matrix: alength= 4 w= 18 nsites= 109 score= 10.25 pvalue= 1.084e-25
0.1376 0.4862 0.2294 0.1468
0.6239 0.1835 0.1101 0.0826
0.2202 0.1560 0.5688 0.0550
0.4312 0.4312 0.0550 0.0826
0.0092 0.0000 0.0000 0.9908
0.0000 1.0000 0.0000 0.0000
0.0000 0.0000 0.0000 1.0000
0.0000 1.0000 0.0000 0.0000
0.0000 0.0000 1.0000 0.0000
0.0000 1.0000 0.0000 0.0000
0.0000 0.0000 1.0000 0.0000
1.0000 0.0000 0.0000 0.0000
0.0000 0.0000 1.0000 0.0000
1.0000 0.0000 0.0000 0.0000
0.0826 0.0550 0.4404 0.4220
0.0550 0.5596 0.1651 0.2202
0.0917 0.1101 0.1835 0.6147
0.1468 0.2385 0.4771 0.1376


MOTIF KGCGACCACACTG CAGTGTGGTCGCM ProSampler

letter-probability matrix: alength= 4 w= 13 nsites= 94 score= 7.921 pvalue= 2.337e-22
0.1702 0.2234 0.2766 0.3298
0.0000 0.0000 1.0000 0.0000
0.0000 1.0000 0.0000 0.0000
0.0000 0.0000 1.0000 0.0000
0.9362 0.0319 0.0000 0.0319
0.0000 1.0000 0.0000 0.0000
0.0000 1.0000 0.0000 0.0000
1.0000 0.0000 0.0000 0.0000
0.0000 1.0000 0.0000 0.0000
0.7128 0.1596 0.0745 0.0532
0.1277 0.8085 0.0319 0.0319
0.1277 0.0213 0.0532 0.7979
0.1702 0.1064 0.6809 0.0426


MOTIF AACAATGGTAGTGTT AACACTACCATTGTT ProSampler

letter-probability matrix: alength= 4 w= 15 nsites= 73 score= 7.94 pvalue= 1.081e-17
0.8493 0.0137 0.0411 0.0959
0.8630 0.0137 0.0822 0.0411
0.0000 0.8493 0.0822 0.0685
0.8356 0.0959 0.0274 0.0411
1.0000 0.0000 0.0000 0.0000
0.0000 0.0000 0.0000 1.0000
0.0000 0.0000 0.8082 0.1918
0.0822 0.0000 0.8219 0.0959
0.0000 0.2192 0.0000 0.7808
0.9178 0.0000 0.0000 0.0822
0.0000 0.0000 0.8082 0.1918
0.0000 0.0000 0.0000 1.0000
0.0000 0.0000 1.0000 0.0000
0.0822 0.0548 0.0137 0.8493
0.0411 0.0411 0.0822 0.8356


MOTIF AAGGTGTGAAAAT ATTTTCACACCTT ProSampler

letter-probability matrix: alength= 4 w= 13 nsites= 66 score= 8.195 pvalue= 3.887e-16
0.7273 0.0152 0.0758 0.1818
1.0000 0.0000 0.0000 0.0000
0.0455 0.0000 0.9545 0.0000
0.0000 0.0000 1.0000 0.0000
0.0000 0.0000 0.0000 1.0000
0.0000 0.0000 1.0000 0.0000
0.0000 0.0000 0.0000 1.0000
0.0000 0.0000 1.0000 0.0000
0.9545 0.0455 0.0000 0.0000
1.0000 0.0000 0.0000 0.0000
0.8030 0.0455 0.0758 0.0758
0.8182 0.0152 0.0606 0.1061
0.0455 0.1515 0.0606 0.7424


MOTIF AAACAATGGY RCCATTGTTT ProSampler

letter-probability matrix: alength= 4 w= 10 nsites= 49 score= 6.244 pvalue= 2.358e-12
0.4082 0.2041 0.1837 0.2041
1.0000 0.0000 0.0000 0.0000
1.0000 0.0000 0.0000 0.0000
0.0000 1.0000 0.0000 0.0000
1.0000 0.0000 0.0000 0.0000
1.0000 0.0000 0.0000 0.0000
0.0000 0.0000 0.0000 1.0000
0.0000 0.0000 0.9388 0.0612
0.0612 0.0000 0.9388 0.0000
0.0408 0.3673 0.0000 0.5918


MOTIF ATTWGCATA TATGCWAAT ProSampler

letter-probability matrix: alength= 4 w= 9 nsites= 42 score= 6.537 pvalue= 8.592e-11
1.0000 0.0000 0.0000 0.0000
0.0000 0.0000 0.0000 1.0000
0.0000 0.0000 0.0000 1.0000
0.3810 0.0000 0.0000 0.6190
0.0000 0.0000 1.0000 0.0000
0.0714 0.9286 0.0000 0.0000
1.0000 0.0000 0.0000 0.0000
0.0000 0.0000 0.0000 1.0000
1.0000 0.0000 0.0000 0.0000


MOTIF GCTCGTAAAA TTTTACGAGC ProSampler

letter-probability matrix: alength= 4 w= 10 nsites= 39 score= 5.611 pvalue= 4.022e-10
0.0000 0.2051 0.6410 0.1538
0.0000 1.0000 0.0000 0.0000
0.0000 0.0000 0.0000 1.0000
0.0000 1.0000 0.0000 0.0000
0.0000 0.0000 1.0000 0.0000
0.0000 0.0000 0.0000 1.0000
1.0000 0.0000 0.0000 0.0000
1.0000 0.0000 0.0000 0.0000
1.0000 0.0000 0.0000 0.0000
0.8205 0.0769 0.0256 0.0769


MOTIF TGACASSTGTCA TGACASSTGTCA ProSampler

letter-probability matrix: alength= 4 w= 12 nsites= 35 score= 5.477 pvalue= 3.161e-09
0.0000 0.0000 0.0286 0.9714
0.0286 0.0000 0.9714 0.0000
0.9714 0.0286 0.0000 0.0000
0.0000 1.0000 0.0000 0.0000
1.0000 0.0000 0.0000 0.0000
0.0000 0.2857 0.6286 0.0857
0.0000 0.7429 0.2571 0.0000
0.0000 0.0000 0.0000 1.0000
0.0000 0.0000 1.0000 0.0000
0.0000 0.0000 0.0000 1.0000
0.0000 1.0000 0.0000 0.0000
1.0000 0.0000 0.0000 0.0000


MOTIF CAACCCGGAAGTG CACTTCCGGGTTG ProSampler

letter-probability matrix: alength= 4 w= 13 nsites= 32 score= 5.706 pvalue= 1.488e-08
0.0000 0.7188 0.1562 0.1250
0.9062 0.0938 0.0000 0.0000
0.9062 0.0000 0.0000 0.0938
0.0938 0.9062 0.0000 0.0000
0.0000 1.0000 0.0000 0.0000
0.0000 1.0000 0.0000 0.0000
0.0000 0.0000 1.0000 0.0000
0.0000 0.0000 1.0000 0.0000
1.0000 0.0000 0.0000 0.0000
0.8438 0.0312 0.0625 0.0625
0.0312 0.0938 0.8125 0.0625
0.1250 0.0625 0.0000 0.8125
0.2188 0.0938 0.5938 0.0938


MOTIF KGTAGTGTTC GAACACTACM ProSampler

letter-probability matrix: alength= 4 w= 10 nsites= 20 score= 3.878 pvalue= 7.637e-06
0.1500 0.0000 0.5000 0.3500
0.0000 0.0000 1.0000 0.0000
0.0000 0.0000 0.0000 1.0000
1.0000 0.0000 0.0000 0.0000
0.0000 0.0000 1.0000 0.0000
0.0000 0.0000 0.0000 1.0000
0.0000 0.0000 1.0000 0.0000
0.0000 0.0000 0.0000 1.0000
0.0000 0.0000 0.0000 1.0000
0.2500 0.5000 0.0000 0.2500


MOTIF CGAGATCTGS SCAGATCTCG ProSampler

letter-probability matrix: alength= 4 w= 10 nsites= 17 score= 3.808 pvalue= 3.7e-05
0.0000 1.0000 0.0000 0.0000
0.0000 0.0000 1.0000 0.0000
1.0000 0.0000 0.0000 0.0000
0.0000 0.0000 1.0000 0.0000
1.0000 0.0000 0.0000 0.0000
0.0000 0.0000 0.0000 1.0000
0.0000 1.0000 0.0000 0.0000
0.0000 0.0000 0.0000 1.0000
0.0000 0.0000 1.0000 0.0000
0.2353 0.2941 0.4706 0.0000


MOTIF CATCCAGATGTTC GAACATCTGGATG ProSampler

letter-probability matrix: alength= 4 w= 13 nsites= 16 score= 3.673 pvalue= 6.277e-05
0.1250 0.6250 0.0000 0.2500
0.7500 0.0625 0.0625 0.1250
0.0000 0.0000 0.0000 1.0000
0.0000 1.0000 0.0000 0.0000
0.0000 1.0000 0.0000 0.0000
1.0000 0.0000 0.0000 0.0000
0.0000 0.0000 1.0000 0.0000
1.0000 0.0000 0.0000 0.0000
0.0000 0.0000 0.0000 1.0000
0.0000 0.0000 1.0000 0.0000
0.0000 0.0000 0.0000 1.0000
0.0625 0.0000 0.0625 0.8750
0.0000 0.7500 0.1875 0.0625



Time 3 secs.
