********************************************************************************
STREME - Sensitive, Thorough, Rapid, Enriched Motif Elicitation
********************************************************************************
MEME version 5.4.1 (Release date: Sat Aug 21 19:23:23 2021 -0700)

For further information on how to interpret these results please access https://meme-suite.org/meme.
To get a copy of the MEME Suite software please access https://meme-suite.org.

********************************************************************************


********************************************************************************
REFERENCE
********************************************************************************
If you use this program in your research, please cite:

Timothy L. Bailey,
"STREME: accurate and versatile sequence motif discovery",
Bioinformatics, Mar. 24, 2021.
********************************************************************************

methods for multiple hypothesis testing correction of t-test: *No correction
ALPHABET= ACGT

Strands: + -

Background letter frequencies (from dataset):
A 0.2384 C 0.2643 G 0.2646 T 0.2327

MOTIF CAGMTCTCGCGAGAKCTG CAGMTCTCGCGAGAKCTG ProSampler

letter-probability matrix: alength= 4 w= 18 nsites= 119 score= 11.01 pvalue= 7.095e-28
0.1429 0.4706 0.2353 0.1513
0.5882 0.1849 0.1261 0.1008
0.2017 0.1513 0.5630 0.0840
0.4286 0.4034 0.0756 0.0924
0.0168 0.0168 0.0168 0.9496
0.0000 1.0000 0.0000 0.0000
0.0000 0.0000 0.0000 1.0000
0.0000 1.0000 0.0000 0.0000
0.0000 0.0000 1.0000 0.0000
0.0000 1.0000 0.0000 0.0000
0.0000 0.0252 0.9496 0.0252
1.0000 0.0000 0.0000 0.0000
0.0000 0.0000 1.0000 0.0000
1.0000 0.0000 0.0000 0.0000
0.0840 0.0756 0.4286 0.4118
0.0840 0.5462 0.1681 0.2017
0.0924 0.1345 0.1849 0.5882
0.1429 0.2353 0.4706 0.1513


MOTIF KGCGACCACACTG CAGTGTGGTCGCM ProSampler

letter-probability matrix: alength= 4 w= 13 nsites= 97 score= 8.775 pvalue= 5.351e-23
0.1649 0.2268 0.2680 0.3402
0.0000 0.0000 1.0000 0.0000
0.0000 1.0000 0.0000 0.0000
0.0000 0.0000 1.0000 0.0000
0.9381 0.0309 0.0000 0.0309
0.0000 1.0000 0.0000 0.0000
0.0000 1.0000 0.0000 0.0000
1.0000 0.0000 0.0000 0.0000
0.0000 1.0000 0.0000 0.0000
0.7010 0.1649 0.0825 0.0515
0.1340 0.8041 0.0309 0.0309
0.1237 0.0206 0.0515 0.8041
0.1649 0.1031 0.6907 0.0412


MOTIF AACAATGGTAGTGTT AACACTACCATTGTT ProSampler

letter-probability matrix: alength= 4 w= 15 nsites= 85 score= 8.365 pvalue= 2.445e-20
0.8235 0.0118 0.0588 0.1059
0.8588 0.0118 0.0824 0.0471
0.0000 0.8471 0.0824 0.0706
0.8235 0.0941 0.0235 0.0588
1.0000 0.0000 0.0000 0.0000
0.0000 0.0000 0.0000 1.0000
0.0353 0.0000 0.7412 0.2235
0.1059 0.0000 0.8000 0.0941
0.0000 0.1882 0.0000 0.8118
0.9176 0.0000 0.0000 0.0824
0.0000 0.0000 0.8118 0.1882
0.0000 0.0000 0.0000 1.0000
0.0000 0.0000 1.0000 0.0000
0.0824 0.0706 0.0118 0.8353
0.0588 0.0353 0.0941 0.8118


MOTIF AAGGTGTGAAAATB VATTTTCACACCTT ProSampler

letter-probability matrix: alength= 4 w= 14 nsites= 78 score= 8.575 pvalue= 8.714e-19
0.7179 0.0513 0.0641 0.1667
1.0000 0.0000 0.0000 0.0000
0.0000 0.0000 1.0000 0.0000
0.0000 0.0000 1.0000 0.0000
0.0000 0.0000 0.0000 1.0000
0.0000 0.0000 1.0000 0.0000
0.0000 0.0641 0.0000 0.9359
0.0000 0.0000 1.0000 0.0000
0.9615 0.0385 0.0000 0.0000
1.0000 0.0000 0.0000 0.0000
0.7821 0.0513 0.0769 0.0897
0.8205 0.0256 0.0513 0.1026
0.0641 0.1410 0.0641 0.7308
0.1154 0.2949 0.3333 0.2564


MOTIF AAACAATGGY RCCATTGTTT ProSampler

letter-probability matrix: alength= 4 w= 10 nsites= 55 score= 6.522 pvalue= 1.109e-13
0.3818 0.2000 0.1818 0.2364
1.0000 0.0000 0.0000 0.0000
1.0000 0.0000 0.0000 0.0000
0.0000 1.0000 0.0000 0.0000
1.0000 0.0000 0.0000 0.0000
1.0000 0.0000 0.0000 0.0000
0.0000 0.0000 0.0000 1.0000
0.0000 0.0000 0.9273 0.0727
0.0545 0.0000 0.9455 0.0000
0.0364 0.3455 0.0182 0.6000


MOTIF DCAACCCGGAAGTG CACTTCCGGGTTGH ProSampler

letter-probability matrix: alength= 4 w= 14 nsites= 47 score= 6.699 pvalue= 6.677e-12
0.2553 0.0851 0.3404 0.3191
0.2340 0.5106 0.1277 0.1277
0.7660 0.1064 0.1064 0.0213
0.9362 0.0000 0.0000 0.0638
0.0638 0.8723 0.0000 0.0638
0.0000 0.9149 0.0851 0.0000
0.0000 1.0000 0.0000 0.0000
0.0000 0.0000 1.0000 0.0000
0.0000 0.0000 1.0000 0.0000
0.9362 0.0000 0.0000 0.0638
1.0000 0.0000 0.0000 0.0000
0.0000 0.0638 0.9362 0.0000
0.0638 0.1277 0.0426 0.7660
0.1489 0.1064 0.6170 0.1277


MOTIF ATTWGCATA TATGCWAAT ProSampler

letter-probability matrix: alength= 4 w= 9 nsites= 45 score= 6.546 pvalue= 1.863e-11
1.0000 0.0000 0.0000 0.0000
0.0000 0.0000 0.0000 1.0000
0.0000 0.0000 0.0000 1.0000
0.4667 0.0000 0.0000 0.5333
0.0000 0.0000 1.0000 0.0000
0.0000 1.0000 0.0000 0.0000
1.0000 0.0000 0.0000 0.0000
0.0000 0.0000 0.0000 1.0000
0.9333 0.0667 0.0000 0.0000


MOTIF GCTCGTAAAA TTTTACGAGC ProSampler

letter-probability matrix: alength= 4 w= 10 nsites= 42 score= 5.871 pvalue= 8.691e-11
0.0000 0.2143 0.6429 0.1429
0.0000 1.0000 0.0000 0.0000
0.0000 0.0000 0.0000 1.0000
0.0000 1.0000 0.0000 0.0000
0.0000 0.0000 1.0000 0.0000
0.0000 0.0000 0.0000 1.0000
1.0000 0.0000 0.0000 0.0000
1.0000 0.0000 0.0000 0.0000
1.0000 0.0000 0.0000 0.0000
0.8333 0.0714 0.0238 0.0714


MOTIF TGACASCTGTCA TGACAGSTGTCA ProSampler

letter-probability matrix: alength= 4 w= 12 nsites= 38 score= 5.746 pvalue= 6.796e-10
0.0000 0.0000 0.0263 0.9737
0.0263 0.0000 0.9737 0.0000
0.9737 0.0263 0.0000 0.0000
0.0000 1.0000 0.0000 0.0000
1.0000 0.0000 0.0000 0.0000
0.0000 0.2632 0.7368 0.0000
0.0000 0.7632 0.2368 0.0000
0.0000 0.0000 0.0000 1.0000
0.0000 0.0000 1.0000 0.0000
0.0000 0.0000 0.0000 1.0000
0.0000 1.0000 0.0000 0.0000
1.0000 0.0000 0.0000 0.0000


MOTIF KGTAGTGTTM KAACACTACM ProSampler

letter-probability matrix: alength= 4 w= 10 nsites= 31 score= 5.352 pvalue= 2.512e-08
0.0968 0.0323 0.5161 0.3548
0.1935 0.0000 0.8065 0.0000
0.0000 0.0000 0.0000 1.0000
1.0000 0.0000 0.0000 0.0000
0.0000 0.0000 1.0000 0.0000
0.0000 0.0000 0.0000 1.0000
0.0000 0.0000 1.0000 0.0000
0.0000 0.0000 0.0000 1.0000
0.0000 0.0000 0.0000 1.0000
0.3871 0.4194 0.0000 0.1935


MOTIF CGAGATCTGS SCAGATCTCG ProSampler

letter-probability matrix: alength= 4 w= 10 nsites= 26 score= 4.856 pvalue= 3.35e-07
0.0769 0.8462 0.0385 0.0385
0.0000 0.0000 1.0000 0.0000
0.8846 0.0000 0.0000 0.1154
0.0000 0.0000 1.0000 0.0000
1.0000 0.0000 0.0000 0.0000
0.1154 0.1154 0.0000 0.7692
0.0000 1.0000 0.0000 0.0000
0.0000 0.0000 0.0000 1.0000
0.0000 0.1154 0.8846 0.0000
0.0000 0.6923 0.3077 0.0000


MOTIF GAACATCTGGATG CATCCAGATGTTC ProSampler

letter-probability matrix: alength= 4 w= 13 nsites= 19 score= 4.063 pvalue= 1.294e-05
0.1053 0.1053 0.7895 0.0000
1.0000 0.0000 0.0000 0.0000
1.0000 0.0000 0.0000 0.0000
0.0000 1.0000 0.0000 0.0000
1.0000 0.0000 0.0000 0.0000
0.0000 0.0000 0.0000 1.0000
0.0000 1.0000 0.0000 0.0000
0.0000 0.0000 0.0000 1.0000
0.0000 0.0000 1.0000 0.0000
0.0000 0.0000 1.0000 0.0000
0.8421 0.0000 0.1579 0.0000
0.1579 0.1053 0.0526 0.6842
0.2105 0.0000 0.5789 0.2105


MOTIF CCATTGTTRC GYAACAATGG ProSampler

letter-probability matrix: alength= 4 w= 10 nsites= 18 score= 4.279 pvalue= 2.189e-05
0.2222 0.6111 0.1111 0.0556
0.0000 1.0000 0.0000 0.0000
1.0000 0.0000 0.0000 0.0000
0.0000 0.0000 0.0000 1.0000
0.0000 0.0000 0.0000 1.0000
0.1667 0.0000 0.8333 0.0000
0.0000 0.0000 0.0000 1.0000
0.0000 0.1667 0.0000 0.8333
0.6667 0.0000 0.3333 0.0000
0.0000 1.0000 0.0000 0.0000


MOTIF GMCACTTCCGGGTT AACCCGGAAGTGKC ProSampler

letter-probability matrix: alength= 4 w= 14 nsites= 17 score= 4.158 pvalue= 3.707e-05
0.0588 0.2353 0.6471 0.0588
0.7059 0.2941 0.0000 0.0000
0.0000 1.0000 0.0000 0.0000
1.0000 0.0000 0.0000 0.0000
0.0000 1.0000 0.0000 0.0000
0.0000 0.0000 0.0000 1.0000
0.0000 0.0000 0.0000 1.0000
0.0000 1.0000 0.0000 0.0000
0.0000 1.0000 0.0000 0.0000
0.0000 0.0000 1.0000 0.0000
0.1765 0.0588 0.7647 0.0000
0.0588 0.1176 0.7059 0.1176
0.1176 0.0588 0.0588 0.7647
0.0588 0.0588 0.2353 0.6471


MOTIF KTTMACACCTTSR YSAAGGTGTKAAM ProSampler

letter-probability matrix: alength= 4 w= 13 nsites= 17 score= 3.478 pvalue= 3.707e-05
0.0000 0.2353 0.2941 0.4706
0.0588 0.0000 0.2353 0.7059
0.0588 0.1765 0.1176 0.6471
0.2941 0.6471 0.0588 0.0000
1.0000 0.0000 0.0000 0.0000
0.0000 1.0000 0.0000 0.0000
1.0000 0.0000 0.0000 0.0000
0.0000 1.0000 0.0000 0.0000
0.0000 1.0000 0.0000 0.0000
0.0000 0.0000 0.0000 1.0000
0.0000 0.0000 0.0000 1.0000
0.0000 0.2941 0.7059 0.0000
0.3529 0.0000 0.6471 0.0000


MOTIF GTGAAAATKRD HYMATTTTCAC ProSampler

letter-probability matrix: alength= 4 w= 11 nsites= 15 score= 3.534 pvalue= 0.0001068
0.0667 0.0000 0.9333 0.0000
0.0000 0.0000 0.0000 1.0000
0.0000 0.0000 1.0000 0.0000
1.0000 0.0000 0.0000 0.0000
1.0000 0.0000 0.0000 0.0000
1.0000 0.0000 0.0000 0.0000
1.0000 0.0000 0.0000 0.0000
0.0000 0.0000 0.0000 1.0000
0.0000 0.0000 0.7333 0.2667
0.6667 0.0000 0.3333 0.0000
0.4667 0.0000 0.2667 0.2667


MOTIF CMCTCTCGCG CGCGAGAGKG ProSampler

letter-probability matrix: alength= 4 w= 10 nsites= 13 score= 3.239 pvalue= 0.00031
0.0000 1.0000 0.0000 0.0000
0.4615 0.5385 0.0000 0.0000
0.0000 1.0000 0.0000 0.0000
0.0000 0.0000 0.0000 1.0000
0.0000 1.0000 0.0000 0.0000
0.0000 0.0000 0.0000 1.0000
0.0000 1.0000 0.0000 0.0000
0.0000 0.0000 1.0000 0.0000
0.0000 1.0000 0.0000 0.0000
0.0000 0.0000 0.9231 0.0769


MOTIF CCCCCTCGG CCGAGGGGG ProSampler

letter-probability matrix: alength= 4 w= 9 nsites= 12 score= 3.494 pvalue= 0.0005298
0.2500 0.7500 0.0000 0.0000
0.0000 1.0000 0.0000 0.0000
0.0000 1.0000 0.0000 0.0000
0.0000 1.0000 0.0000 0.0000
0.0000 1.0000 0.0000 0.0000
0.0000 0.0000 0.0000 1.0000
0.0000 1.0000 0.0000 0.0000
0.0000 0.0000 1.0000 0.0000
0.0000 0.0000 0.7500 0.2500



Time 3 secs.
