********************************************************************************
STREME - Sensitive, Thorough, Rapid, Enriched Motif Elicitation
********************************************************************************
MEME version 5.4.1 (Release date: Sat Aug 21 19:23:23 2021 -0700)

For further information on how to interpret these results please access https://meme-suite.org/meme.
To get a copy of the MEME Suite software please access https://meme-suite.org.

********************************************************************************


********************************************************************************
REFERENCE
********************************************************************************
If you use this program in your research, please cite:

Timothy L. Bailey,
"STREME: accurate and versatile sequence motif discovery",
Bioinformatics, Mar. 24, 2021.
********************************************************************************

methods for multiple hypothesis testing correction of t-test: Bonferroni correction
ALPHABET= ACGT

Strands: + -

Background letter frequencies (from dataset):
A 0.2387 C 0.2697 G 0.2582 T 0.2334

MOTIF GCCCCGCCCCC GGGGGCGGGGC ProSampler

letter-probability matrix: alength= 4 w= 11 nsites= 1492 score= 29.41 pvalue= 1e-300
0.1153 0.2118 0.4377 0.2353
0.0302 0.6253 0.0999 0.2446
0.0000 1.0000 0.0000 0.0000
0.0000 1.0000 0.0000 0.0000
0.0000 1.0000 0.0000 0.0000
0.1461 0.0000 0.6227 0.2312
0.0000 1.0000 0.0000 0.0000
0.0000 1.0000 0.0000 0.0000
0.0000 0.8117 0.0000 0.1883
0.0610 0.8626 0.0000 0.0764
0.0496 0.8720 0.0784 0.0000


MOTIF TACACCTGBM KVCAGGTGTA ProSampler

letter-probability matrix: alength= 4 w= 10 nsites= 1604 score= 30.76 pvalue= 1e-300
0.2226 0.1802 0.2500 0.3473
0.7606 0.0000 0.2394 0.0000
0.0000 1.0000 0.0000 0.0000
1.0000 0.0000 0.0000 0.0000
0.0000 1.0000 0.0000 0.0000
0.0000 1.0000 0.0000 0.0000
0.0000 0.0000 0.0000 1.0000
0.0000 0.0000 1.0000 0.0000
0.0000 0.3921 0.2519 0.3560
0.2918 0.4788 0.1110 0.1185


MOTIF VRTTGCGYAAY RTTRCGCAAYB ProSampler

letter-probability matrix: alength= 4 w= 11 nsites= 1944 score= 33.86 pvalue= 1e-300
0.2690 0.2953 0.2850 0.1507
0.6451 0.0273 0.3277 0.0000
0.0000 0.0000 0.0000 1.0000
0.0000 0.0000 0.0000 1.0000
0.2068 0.0000 0.7932 0.0000
0.0000 1.0000 0.0000 0.0000
0.0000 0.0000 1.0000 0.0000
0.0000 0.7248 0.0000 0.2752
1.0000 0.0000 0.0000 0.0000
0.8935 0.0386 0.0370 0.0309
0.0484 0.3287 0.1651 0.4578


MOTIF AACCCGGAAGTR YACTTCCGGGTT ProSampler

letter-probability matrix: alength= 4 w= 12 nsites= 1309 score= 30.42 pvalue= 1.932e-288
0.5554 0.1092 0.1566 0.1788
0.9206 0.0794 0.0000 0.0000
0.1016 0.8419 0.0565 0.0000
0.0000 0.9442 0.0558 0.0000
0.0000 1.0000 0.0000 0.0000
0.0000 0.0000 1.0000 0.0000
0.0000 0.0000 1.0000 0.0000
1.0000 0.0000 0.0000 0.0000
1.0000 0.0000 0.0000 0.0000
0.0924 0.0000 0.9076 0.0000
0.0222 0.0985 0.0183 0.8610
0.2880 0.1994 0.3995 0.1131


MOTIF MATGASTCAY RTGASTCATK ProSampler

letter-probability matrix: alength= 4 w= 10 nsites= 1129 score= 25.82 pvalue= 4.144e-248
0.2693 0.3109 0.2259 0.1940
0.8078 0.0000 0.1922 0.0000
0.0000 0.0000 0.0000 1.0000
0.0000 0.0000 1.0000 0.0000
1.0000 0.0000 0.0000 0.0000
0.0000 0.5483 0.4517 0.0000
0.0000 0.0000 0.0000 1.0000
0.0000 1.0000 0.0000 0.0000
1.0000 0.0000 0.0000 0.0000
0.1213 0.2728 0.1541 0.4517


MOTIF ACAAGCAATTAAWGVAT ATBCWTTAATTGCTTGT ProSampler

letter-probability matrix: alength= 4 w= 17 nsites= 1005 score= 25.93 pvalue= 1.99e-220
0.4975 0.1831 0.2418 0.0776
0.1741 0.4527 0.2119 0.1612
0.5642 0.1771 0.1652 0.0935
0.9154 0.0000 0.0846 0.0000
0.1144 0.1075 0.7005 0.0776
0.0000 1.0000 0.0000 0.0000
0.9194 0.0000 0.0806 0.0000
0.9323 0.0677 0.0000 0.0000
0.0000 0.0000 0.0000 1.0000
0.0000 0.0000 0.0000 1.0000
1.0000 0.0000 0.0000 0.0000
1.0000 0.0000 0.0000 0.0000
0.3950 0.1761 0.1363 0.2925
0.2478 0.1930 0.4040 0.1552
0.4119 0.2557 0.2786 0.0537
0.4766 0.1055 0.2348 0.1831
0.0975 0.0687 0.0915 0.7423


MOTIF GSYCAAGGTCA TGACCTTGRSC ProSampler

letter-probability matrix: alength= 4 w= 11 nsites= 561 score= 18.89 pvalue= 7.184e-125
0.1800 0.2371 0.3565 0.2264
0.1176 0.3547 0.2977 0.2299
0.0000 0.3066 0.1319 0.5615
0.0000 0.8788 0.1212 0.0000
1.0000 0.0000 0.0000 0.0000
1.0000 0.0000 0.0000 0.0000
0.0000 0.0000 1.0000 0.0000
0.0000 0.0000 1.0000 0.0000
0.0000 0.0000 0.0000 1.0000
0.0000 1.0000 0.0000 0.0000
1.0000 0.0000 0.0000 0.0000


MOTIF RARACAAAGG CCTTTGTYTY ProSampler

letter-probability matrix: alength= 4 w= 10 nsites= 167 score= 11.06 pvalue= 2.813e-38
0.4611 0.1856 0.3234 0.0299
1.0000 0.0000 0.0000 0.0000
0.5928 0.0000 0.4072 0.0000
1.0000 0.0000 0.0000 0.0000
0.0000 1.0000 0.0000 0.0000
1.0000 0.0000 0.0000 0.0000
1.0000 0.0000 0.0000 0.0000
1.0000 0.0000 0.0000 0.0000
0.0000 0.0000 1.0000 0.0000
0.0000 0.0000 1.0000 0.0000


MOTIF ACTTCCGGGTTGC GCAACCCGGAAGT ProSampler

letter-probability matrix: alength= 4 w= 13 nsites= 80 score= 5.871 pvalue= 3.597e-19
0.6250 0.0750 0.1875 0.1125
0.0625 0.6750 0.0875 0.1750
0.0875 0.0750 0.1125 0.7250
0.1375 0.0375 0.0875 0.7375
0.0000 1.0000 0.0000 0.0000
0.0000 1.0000 0.0000 0.0000
0.0000 0.0000 1.0000 0.0000
0.0000 0.0000 1.0000 0.0000
0.0000 0.0000 1.0000 0.0000
0.0000 0.0000 0.0000 1.0000
0.0000 0.0000 0.0000 1.0000
0.0000 0.0000 1.0000 0.0000
0.0000 1.0000 0.0000 0.0000


MOTIF AACATATGGT ACCATATGTT ProSampler

letter-probability matrix: alength= 4 w= 10 nsites= 79 score= 7.168 pvalue= 5.973e-19
0.6582 0.0253 0.2152 0.1013
1.0000 0.0000 0.0000 0.0000
0.0000 1.0000 0.0000 0.0000
1.0000 0.0000 0.0000 0.0000
0.0000 0.0000 0.0000 1.0000
1.0000 0.0000 0.0000 0.0000
0.0000 0.0000 0.0000 1.0000
0.0000 0.0000 1.0000 0.0000
0.0000 0.0000 1.0000 0.0000
0.0000 0.0000 0.0000 1.0000



Time 18 secs.
