********************************************************************************
STREME - Sensitive, Thorough, Rapid, Enriched Motif Elicitation
********************************************************************************
MEME version 5.4.1 (Release date: Sat Aug 21 19:23:23 2021 -0700)

For further information on how to interpret these results please access https://meme-suite.org/meme.
To get a copy of the MEME Suite software please access https://meme-suite.org.

********************************************************************************


********************************************************************************
REFERENCE
********************************************************************************
If you use this program in your research, please cite:

Timothy L. Bailey,
"STREME: accurate and versatile sequence motif discovery",
Bioinformatics, Mar. 24, 2021.
********************************************************************************

methods for multiple hypothesis testing correction of t-test: Bonferroni correction
ALPHABET= ACGT

Strands: + -

Background letter frequencies (from dataset):
A 0.2433 C 0.2593 G 0.2636 T 0.2338

MOTIF SCTAATCCYCTYRY RYRAGRGGATTAGS ProSampler

letter-probability matrix: alength= 4 w= 14 nsites= 5996 score= 39.58 pvalue= 1e-300
0.2238 0.2662 0.2610 0.2490
0.1343 0.5600 0.1191 0.1866
0.1004 0.1019 0.1021 0.6956
0.6886 0.1136 0.1092 0.0886
1.0000 0.0000 0.0000 0.0000
0.0000 0.0000 0.0000 1.0000
0.0000 1.0000 0.0000 0.0000
0.0587 0.7834 0.0000 0.1579
0.0000 0.7348 0.0000 0.2652
0.0000 1.0000 0.0000 0.0000
0.0000 0.1506 0.0000 0.8494
0.0000 0.3691 0.0429 0.5881
0.5645 0.1089 0.3266 0.0000
0.2350 0.2675 0.2423 0.2552


MOTIF CTGCCATCTGTCCV BGGACAGATGGCAG ProSampler

letter-probability matrix: alength= 4 w= 14 nsites= 4795 score= 30.51 pvalue= 1e-300
0.2292 0.3172 0.2302 0.2234
0.1898 0.2475 0.2136 0.3491
0.2102 0.2138 0.4023 0.1737
0.1080 0.6423 0.1072 0.1424
0.0857 0.6974 0.0993 0.1176
1.0000 0.0000 0.0000 0.0000
0.0000 0.0000 0.0000 1.0000
0.0000 1.0000 0.0000 0.0000
0.0000 0.0000 0.0000 1.0000
0.0000 0.0000 1.0000 0.0000
0.0000 0.0000 0.0000 1.0000
0.0503 0.7497 0.0000 0.2000
0.1869 0.5618 0.0642 0.1871
0.2747 0.2928 0.4325 0.0000


MOTIF CAAGCTTGMSM KSKCAAGCTTG ProSampler

letter-probability matrix: alength= 4 w= 11 nsites= 19613 score= 54.73 pvalue= 1e-300
0.2214 0.3198 0.2222 0.2365
0.7631 0.0810 0.0802 0.0758
1.0000 0.0000 0.0000 0.0000
0.0000 0.0000 1.0000 0.0000
0.0000 1.0000 0.0000 0.0000
0.0000 0.0000 0.0000 1.0000
0.0000 0.0000 0.0000 1.0000
0.0460 0.0000 0.9540 0.0000
0.3131 0.3306 0.1442 0.2121
0.1657 0.3405 0.2616 0.2322
0.3397 0.3639 0.1956 0.1009


MOTIF ATCACCCCAY RTGGGGTGAT ProSampler

letter-probability matrix: alength= 4 w= 10 nsites= 2658 score= 28.46 pvalue= 1e-300
0.6170 0.1764 0.2065 0.0000
0.0000 0.0000 0.0000 1.0000
0.0000 1.0000 0.0000 0.0000
1.0000 0.0000 0.0000 0.0000
0.0000 0.9071 0.0929 0.0000
0.0000 0.8664 0.1336 0.0000
0.0000 1.0000 0.0000 0.0000
0.0000 0.8860 0.1140 0.0000
1.0000 0.0000 0.0000 0.0000
0.0831 0.3837 0.1704 0.3627


MOTIF BMKTCTAATCYYCTT AAGRRGATTAGAMKV ProSampler

letter-probability matrix: alength= 4 w= 15 nsites= 13925 score= 50.82 pvalue= 1e-300
0.2308 0.2557 0.2606 0.2529
0.4154 0.5357 0.0490 0.0000
0.2165 0.2166 0.2573 0.3096
0.1931 0.2328 0.2214 0.3527
0.0000 1.0000 0.0000 0.0000
0.0000 0.0000 0.0000 1.0000
0.8131 0.0000 0.0000 0.1869
1.0000 0.0000 0.0000 0.0000
0.0000 0.0000 0.0000 1.0000
0.0000 1.0000 0.0000 0.0000
0.0946 0.5462 0.0908 0.2684
0.1234 0.2920 0.1621 0.4225
0.1446 0.5424 0.1169 0.1961
0.1408 0.1934 0.1282 0.5376
0.1366 0.2124 0.1749 0.4761


MOTIF CSAGAGTCCAA TTGGACTCTSG ProSampler

letter-probability matrix: alength= 4 w= 11 nsites= 7449 score= 36.54 pvalue= 1e-300
0.2082 0.3268 0.2360 0.2290
0.1483 0.3265 0.3152 0.2100
0.9608 0.0000 0.0392 0.0000
0.1011 0.0000 0.8989 0.0000
0.9301 0.0000 0.0699 0.0000
0.0000 0.0000 1.0000 0.0000
0.0000 0.0000 0.1964 0.8036
0.0609 0.6271 0.1099 0.2020
0.0000 1.0000 0.0000 0.0000
1.0000 0.0000 0.0000 0.0000
0.4982 0.1708 0.1980 0.1330


MOTIF SKAAAGATRAK MTYATCTTTMS ProSampler

letter-probability matrix: alength= 4 w= 11 nsites= 8731 score= 40.46 pvalue= 1e-300
0.2277 0.2624 0.2682 0.2417
0.1850 0.1825 0.3217 0.3108
0.8823 0.0000 0.0895 0.0283
0.6626 0.1167 0.1242 0.0966
0.9329 0.0000 0.0000 0.0671
0.0572 0.0000 0.9428 0.0000
1.0000 0.0000 0.0000 0.0000
0.0000 0.0000 0.0706 0.9294
0.5762 0.0000 0.4238 0.0000
1.0000 0.0000 0.0000 0.0000
0.1061 0.1839 0.4564 0.2536


MOTIF CCGGAAGTMGC GCKACTTCCGG ProSampler

letter-probability matrix: alength= 4 w= 11 nsites= 1677 score= 28.13 pvalue= 1e-300
0.0000 1.0000 0.0000 0.0000
0.0000 1.0000 0.0000 0.0000
0.0000 0.0000 1.0000 0.0000
0.0000 0.0000 1.0000 0.0000
1.0000 0.0000 0.0000 0.0000
1.0000 0.0000 0.0000 0.0000
0.0000 0.0000 1.0000 0.0000
0.0000 0.0000 0.0000 1.0000
0.5128 0.4872 0.0000 0.0000
0.1574 0.1729 0.5987 0.0710
0.1729 0.5009 0.1753 0.1509


MOTIF AAAGKCCAGC GCTGGMCTTT ProSampler

letter-probability matrix: alength= 4 w= 10 nsites= 2258 score= 20.53 pvalue= 1e-300
0.6838 0.1019 0.1103 0.1041
1.0000 0.0000 0.0000 0.0000
1.0000 0.0000 0.0000 0.0000
0.0000 0.0000 1.0000 0.0000
0.0000 0.0000 0.6895 0.3105
0.0000 1.0000 0.0000 0.0000
0.0000 1.0000 0.0000 0.0000
1.0000 0.0000 0.0000 0.0000
0.0000 0.0000 0.8468 0.1532
0.1342 0.6050 0.1346 0.1262


MOTIF AAAGSYGATGACAT ATGTCATCRSCTTT ProSampler

letter-probability matrix: alength= 4 w= 14 nsites= 5272 score= 30.93 pvalue= 1e-300
0.2963 0.2320 0.2333 0.2384
0.3175 0.2289 0.2392 0.2143
0.2858 0.2289 0.2479 0.2373
0.2382 0.2301 0.3297 0.2020
0.1129 0.3507 0.4179 0.1186
0.1921 0.2885 0.2314 0.2879
0.0000 0.0438 0.9086 0.0476
1.0000 0.0000 0.0000 0.0000
0.0000 0.0000 0.0000 1.0000
0.0000 0.0000 1.0000 0.0000
0.8308 0.0000 0.0000 0.1692
0.0000 1.0000 0.0000 0.0000
1.0000 0.0000 0.0000 0.0000
0.1005 0.1093 0.1087 0.6815


MOTIF AAAGATKATGTAATM KATTACATMATCTTT ProSampler

letter-probability matrix: alength= 4 w= 15 nsites= 1975 score= 25.19 pvalue= 1e-300
0.4349 0.1661 0.1990 0.2000
0.4795 0.1468 0.2005 0.1732
0.4299 0.1792 0.1985 0.1924
0.1281 0.0000 0.8719 0.0000
1.0000 0.0000 0.0000 0.0000
0.0000 0.0000 0.0000 1.0000
0.0000 0.0000 0.7175 0.2825
1.0000 0.0000 0.0000 0.0000
0.0000 0.1600 0.0000 0.8400
0.0000 0.0000 1.0000 0.0000
0.0000 0.0000 0.0000 1.0000
1.0000 0.0000 0.0000 0.0000
0.8370 0.0567 0.0552 0.0511
0.0597 0.2273 0.0962 0.6167
0.3352 0.3985 0.1529 0.1134


MOTIF AGAGACCAAAGTCCA TGGACTTTGGTCTCT ProSampler

letter-probability matrix: alength= 4 w= 15 nsites= 3159 score= 27.05 pvalue= 1e-300
0.5002 0.1684 0.1751 0.1564
0.2102 0.1396 0.5514 0.0988
0.6062 0.0839 0.2111 0.0988
0.0969 0.0785 0.7407 0.0839
0.7433 0.1285 0.1282 0.0000
0.2219 0.5353 0.1124 0.1304
0.0000 1.0000 0.0000 0.0000
1.0000 0.0000 0.0000 0.0000
1.0000 0.0000 0.0000 0.0000
1.0000 0.0000 0.0000 0.0000
0.0000 0.0000 1.0000 0.0000
0.0000 0.0000 0.1114 0.8886
0.0000 1.0000 0.0000 0.0000
0.0662 0.7708 0.0760 0.0871
0.7100 0.1007 0.0871 0.1022


MOTIF SGACAGATGACATC GATGTCATCTGTCS ProSampler

letter-probability matrix: alength= 4 w= 14 nsites= 5523 score= 39.33 pvalue= 1e-300
0.2220 0.2531 0.2843 0.2406
0.2383 0.2345 0.3000 0.2272
0.3275 0.2050 0.2258 0.2417
0.2495 0.3105 0.2088 0.2312
1.0000 0.0000 0.0000 0.0000
0.1680 0.1302 0.5479 0.1539
1.0000 0.0000 0.0000 0.0000
0.0000 0.0000 0.0000 1.0000
0.0668 0.0000 0.8052 0.1280
0.8039 0.0000 0.1961 0.0000
0.0000 0.8546 0.0000 0.1454
0.7956 0.1258 0.0786 0.0000
0.0000 0.0000 0.0000 1.0000
0.1823 0.5890 0.1155 0.1132


MOTIF TRTTACRTAATAM KTATTAYGTAAYA ProSampler

letter-probability matrix: alength= 4 w= 13 nsites= 4198 score= 40.63 pvalue= 1e-300
0.1879 0.2339 0.2415 0.3366
0.4169 0.1541 0.3752 0.0538
0.0453 0.0505 0.0507 0.8535
0.0445 0.0543 0.0838 0.8173
1.0000 0.0000 0.0000 0.0000
0.0000 1.0000 0.0000 0.0000
0.5410 0.0000 0.4590 0.0000
0.0000 0.0000 0.0000 1.0000
1.0000 0.0000 0.0000 0.0000
1.0000 0.0000 0.0000 0.0000
0.0000 0.1927 0.0000 0.8073
1.0000 0.0000 0.0000 0.0000
0.3938 0.4390 0.0910 0.0762


MOTIF AMAGGCCACGTGGCS SGCCACGTGGCCTKT ProSampler

letter-probability matrix: alength= 4 w= 15 nsites= 8478 score= 33.94 pvalue= 1e-300
0.3587 0.2230 0.2223 0.1959
0.6958 0.3042 0.0000 0.0000
0.4763 0.1964 0.2409 0.0865
0.0386 0.1658 0.7956 0.0000
0.1603 0.0000 0.7452 0.0945
0.0000 1.0000 0.0000 0.0000
0.0000 1.0000 0.0000 0.0000
1.0000 0.0000 0.0000 0.0000
0.0381 0.8898 0.0359 0.0362
0.0390 0.0000 0.9610 0.0000
0.1507 0.1760 0.1499 0.5234
0.1352 0.1520 0.5672 0.1456
0.1597 0.1884 0.4887 0.1632
0.2082 0.3161 0.2396 0.2361
0.2031 0.3154 0.2583 0.2232


MOTIF SMSGGCCACGTGGCS SGCCACGTGGCCSKS ProSampler

letter-probability matrix: alength= 4 w= 15 nsites= 6350 score= 26.1 pvalue= 1e-300
0.2317 0.2614 0.2570 0.2499
0.3005 0.6995 0.0000 0.0000
0.2402 0.3828 0.3770 0.0000
0.1069 0.2488 0.6443 0.0000
0.1638 0.1715 0.6647 0.0000
0.0000 1.0000 0.0000 0.0000
0.0000 1.0000 0.0000 0.0000
1.0000 0.0000 0.0000 0.0000
0.0000 1.0000 0.0000 0.0000
0.0000 0.0000 1.0000 0.0000
0.1277 0.1509 0.1261 0.5953
0.1162 0.1271 0.6373 0.1194
0.1433 0.1671 0.5501 0.1395
0.1997 0.3340 0.2271 0.2392
0.1964 0.3356 0.2535 0.2145


MOTIF AACGATGACAT ATGTCATCGTT ProSampler

letter-probability matrix: alength= 4 w= 11 nsites= 1915 score= 16.47 pvalue= 1e-300
0.2783 0.2486 0.2433 0.2298
0.4966 0.1713 0.1760 0.1561
0.0000 0.8491 0.1509 0.0000
0.0000 0.0000 1.0000 0.0000
1.0000 0.0000 0.0000 0.0000
0.0000 0.0000 0.0000 1.0000
0.0000 0.0000 1.0000 0.0000
1.0000 0.0000 0.0000 0.0000
0.0000 1.0000 0.0000 0.0000
0.8141 0.0000 0.1859 0.0000
0.1091 0.1232 0.1154 0.6522


MOTIF AGATAAGAARRG CYYTTCTTATCT ProSampler

letter-probability matrix: alength= 4 w= 12 nsites= 1761 score= 18.48 pvalue= 1e-300
0.4957 0.1511 0.1789 0.1743
0.1363 0.1755 0.5355 0.1528
1.0000 0.0000 0.0000 0.0000
0.0000 0.0000 0.0000 1.0000
1.0000 0.0000 0.0000 0.0000
1.0000 0.0000 0.0000 0.0000
0.0000 0.0000 1.0000 0.0000
1.0000 0.0000 0.0000 0.0000
0.8597 0.0000 0.0000 0.1403
0.3515 0.1244 0.2924 0.2317
0.5026 0.0000 0.3907 0.1068
0.2379 0.2266 0.2947 0.2408


MOTIF AAGTCCARRSKSCR YGSMSYYTGGACTT ProSampler

letter-probability matrix: alength= 4 w= 14 nsites= 7670 score= 33.49 pvalue= 1e-300
0.5465 0.1313 0.2010 0.1211
1.0000 0.0000 0.0000 0.0000
0.0000 0.0000 1.0000 0.0000
0.0000 0.0000 0.0000 1.0000
0.0000 0.9695 0.0000 0.0305
0.0000 1.0000 0.0000 0.0000
1.0000 0.0000 0.0000 0.0000
0.2531 0.0392 0.5035 0.2042
0.2630 0.1887 0.3425 0.2059
0.2357 0.3158 0.4132 0.0353
0.2226 0.2383 0.2592 0.2799
0.2266 0.2757 0.2525 0.2451
0.2198 0.3121 0.2452 0.2228
0.2885 0.2451 0.2536 0.2128


MOTIF TRTTACRTAACGC GCGTTAYGTAAYA ProSampler

letter-probability matrix: alength= 4 w= 13 nsites= 1904 score= 23.29 pvalue= 1e-300
0.1801 0.2201 0.2222 0.3776
0.3745 0.1497 0.3818 0.0940
0.0788 0.0851 0.1066 0.7295
0.0751 0.0935 0.1150 0.7164
1.0000 0.0000 0.0000 0.0000
0.0000 1.0000 0.0000 0.0000
0.6313 0.0000 0.3687 0.0000
0.0000 0.0000 0.0000 1.0000
1.0000 0.0000 0.0000 0.0000
1.0000 0.0000 0.0000 0.0000
0.0000 1.0000 0.0000 0.0000
0.2337 0.1387 0.6276 0.0000
0.0000 0.8745 0.1255 0.0000


MOTIF GACTTTGGACTCTS SAGAGTCCAAAGTC ProSampler

letter-probability matrix: alength= 4 w= 14 nsites= 21063 score= 101.4 pvalue= 1e-300
0.2487 0.1025 0.5973 0.0515
0.8192 0.1808 0.0000 0.0000
0.0000 0.9762 0.0238 0.0000
0.0000 0.0422 0.0000 0.9578
0.0000 0.0523 0.0000 0.9477
0.0000 0.0000 0.0000 1.0000
0.0000 0.0000 1.0000 0.0000
0.1798 0.1561 0.5586 0.1055
0.6277 0.2166 0.0253 0.1303
0.0151 0.9667 0.0000 0.0182
0.0832 0.2323 0.0530 0.6314
0.0922 0.5572 0.1242 0.2264
0.1541 0.1661 0.1504 0.5295
0.2336 0.2572 0.2679 0.2412


MOTIF AAAGATAAGRACRY RYGTYCTTATCTTT ProSampler

letter-probability matrix: alength= 4 w= 14 nsites= 3933 score= 41.73 pvalue= 1e-300
0.8965 0.1035 0.0000 0.0000
0.5258 0.1711 0.1790 0.1241
0.9390 0.0000 0.0000 0.0610
0.0000 0.0000 1.0000 0.0000
1.0000 0.0000 0.0000 0.0000
0.0000 0.0000 0.0000 1.0000
0.9235 0.0000 0.0765 0.0000
1.0000 0.0000 0.0000 0.0000
0.0000 0.0000 1.0000 0.0000
0.4455 0.1742 0.2637 0.1167
0.4081 0.1864 0.1635 0.2421
0.2372 0.2883 0.2395 0.2349
0.2698 0.2329 0.2632 0.2342
0.2304 0.2578 0.2423 0.2695


MOTIF AAGTCCAATA TATTGGACTT ProSampler

letter-probability matrix: alength= 4 w= 10 nsites= 1293 score= 12.79 pvalue= 1.797e-280
0.5831 0.1268 0.1732 0.1168
1.0000 0.0000 0.0000 0.0000
0.0000 0.0000 1.0000 0.0000
0.0000 0.0000 0.0000 1.0000
0.0000 1.0000 0.0000 0.0000
0.0000 1.0000 0.0000 0.0000
1.0000 0.0000 0.0000 0.0000
0.6094 0.0000 0.1941 0.1964
0.0000 0.0000 0.2057 0.7943
0.7773 0.0000 0.2227 0.0000


MOTIF ACTGCTACC GGTAGCAGT ProSampler

letter-probability matrix: alength= 4 w= 9 nsites= 174 score= 5.62 pvalue= 9.824e-40
1.0000 0.0000 0.0000 0.0000
0.0000 1.0000 0.0000 0.0000
0.0000 0.0000 0.0000 1.0000
0.0000 0.0000 1.0000 0.0000
0.0000 1.0000 0.0000 0.0000
0.0000 0.0000 0.0000 1.0000
1.0000 0.0000 0.0000 0.0000
0.0000 1.0000 0.0000 0.0000
0.0000 1.0000 0.0000 0.0000



Time 150 secs.
